<svg version="1.1" id="Layer_1" xmlns="http://www.w3.org/2000/svg" xmlns:xlink="http://www.w3.org/1999/xlink" x="0px" y="0px"
	 width="100%" viewBox="0 0 637 637" enable-background="new 0 0 637 637" xml:space="preserve">
<path fill="#101010" opacity="1.000000" stroke="none" 
	d="
M437.000000,638.000000 
	C291.333374,638.000000 146.166718,638.000000 1.000058,638.000000 
	C1.000039,425.666718 1.000039,213.333466 1.000020,1.000144 
	C213.333237,1.000096 425.666473,1.000096 637.999756,1.000048 
	C637.999878,213.333191 637.999878,425.666382 637.999939,637.999756 
	C571.166687,638.000000 504.333344,638.000000 437.000000,638.000000 
M455.724762,291.814667 
	C455.799988,293.204071 455.875183,294.593506 455.779785,296.909241 
	C455.838470,305.612000 455.897125,314.314789 455.729401,323.929138 
	C455.830719,342.958130 455.932037,361.987122 455.856323,381.488892 
	C455.918732,382.318207 455.981171,383.147552 455.799408,384.826691 
	C456.104706,385.263580 456.409973,385.700470 456.381561,386.748352 
	C456.233765,387.837158 456.085999,388.925995 455.616302,390.880768 
	C455.123779,395.585876 454.631256,400.290985 453.942200,405.755859 
	C453.634888,407.837463 453.327606,409.919037 452.630157,412.641357 
	C448.070679,422.726013 443.511200,432.810638 438.388580,443.268311 
	C424.523926,462.957275 405.830353,475.039703 381.428162,478.496643 
	C376.836334,478.687012 372.244629,479.037933 367.652618,479.042694 
	C326.379120,479.085510 285.105530,479.067596 243.831955,479.067505 
	C242.054596,479.067474 240.277252,479.067474 238.893799,479.067474 
	C237.976669,476.877380 237.359085,475.402588 236.707535,473.075256 
	C241.733505,440.884857 255.263123,412.042633 271.668152,384.156525 
	C269.351593,385.539703 267.467590,387.246613 265.666931,389.037384 
	C217.267654,437.172211 168.873535,485.312195 120.507500,533.480469 
	C119.493088,534.490723 118.819740,535.843567 117.816368,537.683411 
	C118.794418,538.121765 119.771942,538.942383 120.750595,538.943726 
	C167.125275,539.007141 213.500107,539.014221 259.874725,538.928467 
	C261.245941,538.925903 262.615234,537.862427 264.725525,537.063049 
	C265.488647,537.140137 266.251740,537.217224 267.274109,538.028320 
	C268.318451,538.351868 269.362366,538.956787 270.407166,538.958313 
	C304.960602,539.007996 339.514160,539.021790 374.067352,538.916321 
	C375.381500,538.912292 376.691833,537.673279 378.634521,536.686340 
	C398.740723,534.642334 418.004333,529.381714 435.532196,519.343079 
	C484.305817,491.409088 510.024445,448.678406 511.523682,392.878296 
	C512.945129,339.972717 511.803680,286.998291 511.949921,233.122162 
	C511.949921,224.414307 511.949921,215.706467 511.949921,207.415924 
	C493.533691,225.467712 475.224701,243.414383 456.154602,261.943695 
	C456.093445,267.300140 456.032288,272.656555 455.748779,278.659058 
	C455.822632,279.102203 455.896484,279.545380 455.813019,280.895447 
	C455.861237,284.266052 455.909454,287.636658 455.724762,291.814667 
M180.735779,399.640381 
	C180.651459,400.100616 180.567139,400.560822 179.805069,401.328674 
	C180.037048,405.212677 180.269043,409.096680 180.749405,413.886871 
	C180.749405,418.938324 180.749405,423.989807 180.749405,428.379181 
	C198.928940,410.606659 217.153107,392.875488 235.199387,374.965088 
	C236.459259,373.714661 236.876068,371.136475 236.883286,369.172821 
	C237.029861,329.180206 237.059372,289.187195 237.900528,249.173889 
	C246.246902,250.820557 254.593292,252.467209 263.599396,254.498932 
	C288.716492,260.141815 313.833557,265.784729 339.731506,271.603058 
	C328.188110,285.615479 317.446411,298.748199 306.524017,311.728821 
	C305.686035,312.724701 303.574829,313.003784 302.051697,313.013092 
	C288.720062,313.094879 275.387604,313.025574 262.055450,313.044312 
	C260.586945,313.046387 258.481628,312.749054 257.754730,313.560638 
	C253.279907,318.556763 249.116241,323.831543 244.733597,329.153900 
	C260.317047,333.232300 275.238403,337.283234 290.250732,340.963257 
	C293.979828,341.877380 295.896881,343.608734 296.837128,347.243713 
	C298.001587,351.745361 299.621704,356.131165 301.092346,360.551239 
	C305.144592,372.730652 309.221558,384.901825 313.495911,397.696381 
	C317.255402,393.694427 320.282013,390.148621 323.662903,386.980957 
	C326.163147,384.638306 327.168121,382.149841 327.101685,378.701569 
	C326.870575,366.706329 327.148315,354.698883 326.778839,342.710052 
	C326.663330,338.961975 327.839600,336.504333 330.432709,334.094727 
	C338.487183,326.610168 346.397095,318.970123 354.367584,311.395142 
	C357.669434,308.257141 360.982788,305.131195 364.871735,301.449982 
	C375.937103,344.667816 386.775391,386.998779 398.053345,431.046936 
	C404.277191,421.344727 409.893829,412.816833 415.202209,404.101166 
	C416.143616,402.555481 415.998474,400.230682 416.022675,398.261566 
	C416.311310,374.766479 416.338959,351.266449 416.834503,327.776123 
	C417.336914,303.958923 418.182709,280.147125 419.115936,256.342285 
	C419.328613,250.917709 419.913025,245.470856 424.412750,241.228973 
	C432.291107,233.802063 439.878479,226.065598 447.560120,218.431015 
	C464.460083,201.634689 481.488983,184.964508 498.181122,167.963852 
	C509.292816,156.646729 515.826660,143.031876 516.225098,126.906807 
	C516.387146,120.349365 514.391663,117.964851 507.814240,117.817047 
	C503.916779,117.729462 499.846252,118.489861 496.101257,119.661049 
	C480.191101,124.636711 468.000763,135.166306 456.531372,146.734009 
	C436.477081,166.960251 416.395416,187.159805 396.209808,207.254593 
	C394.314606,209.141296 391.700958,211.232956 389.244629,211.480545 
	C371.854065,213.233398 354.417511,214.529510 336.784241,215.542755 
	C336.586304,215.277710 336.329010,215.097427 335.821198,214.081436 
	C335.821198,175.646881 335.821198,137.212326 335.821198,98.264435 
	C317.371368,98.264435 299.408966,98.221191 281.447998,98.359421 
	C280.219116,98.368866 278.789551,99.526108 277.808533,100.505417 
	C258.122894,120.157303 238.486176,139.858276 218.858505,159.568176 
	C218.158142,160.271469 217.651016,161.167175 216.613998,162.566895 
	C238.184662,162.566895 258.933533,162.566895 279.616333,162.566895 
	C279.616333,182.133270 279.616333,201.225845 279.616333,220.388031 
	C273.868195,220.943054 268.432953,221.467865 262.078827,221.856979 
	C253.692123,222.293777 245.305405,222.730560 236.897324,222.209106 
	C236.884247,214.481522 236.871185,206.753937 237.013962,198.416351 
	C236.676285,198.276276 236.338623,198.136215 235.477783,197.792465 
	C235.311584,197.706451 235.145386,197.620453 234.677185,196.836075 
	C233.944092,196.558441 233.211792,196.041016 232.477768,196.038605 
	C218.083710,195.991135 203.689224,195.971924 189.295578,196.063583 
	C188.138840,196.070969 186.987488,196.925522 185.119965,197.662292 
	C183.053650,198.352478 180.404968,198.450027 179.008713,199.822098 
	C159.191467,219.295807 139.536316,238.934586 119.893005,258.584503 
	C119.314537,259.163177 119.293365,260.298981 119.239639,261.933258 
	C120.098145,262.285706 120.955620,262.942780 121.815300,262.945679 
	C139.388733,263.004944 156.962646,263.026062 174.535477,262.907562 
	C175.719833,262.899597 176.896301,261.725525 178.883545,260.856842 
	C179.486221,262.442383 180.608932,264.025970 180.614761,265.613708 
	C180.731232,297.271027 180.744049,328.928833 180.714371,360.586456 
	C180.707047,368.398651 180.476685,376.210632 179.694717,384.368988 
	C179.951248,389.239258 180.207779,394.109558 180.735779,399.640381 
M179.398743,418.483093 
	C179.398743,418.483093 179.505737,418.411194 179.398743,418.483093 
z"/>
<path fill="#FCFCFC" opacity="1.000000" stroke="none" 
	d="
M336.995605,215.971268 
	C354.417511,214.529510 371.854065,213.233398 389.244629,211.480545 
	C391.700958,211.232956 394.314606,209.141296 396.209808,207.254593 
	C416.395416,187.159805 436.477081,166.960251 456.531372,146.734009 
	C468.000763,135.166306 480.191101,124.636711 496.101257,119.661049 
	C499.846252,118.489861 503.916779,117.729462 507.814240,117.817047 
	C514.391663,117.964851 516.387146,120.349365 516.225098,126.906807 
	C515.826660,143.031876 509.292816,156.646729 498.181122,167.963852 
	C481.488983,184.964508 464.460083,201.634689 447.560120,218.431015 
	C439.878479,226.065598 432.291107,233.802063 424.412750,241.228973 
	C419.913025,245.470856 419.328613,250.917709 419.115936,256.342285 
	C418.182709,280.147125 417.336914,303.958923 416.834503,327.776123 
	C416.338959,351.266449 416.311310,374.766479 416.022675,398.261566 
	C415.998474,400.230682 416.143616,402.555481 415.202209,404.101166 
	C409.893829,412.816833 404.277191,421.344727 398.053345,431.046936 
	C386.775391,386.998779 375.937103,344.667816 364.871735,301.449982 
	C360.982788,305.131195 357.669434,308.257141 354.367584,311.395142 
	C346.397095,318.970123 338.487183,326.610168 330.432709,334.094727 
	C327.839600,336.504333 326.663330,338.961975 326.778839,342.710052 
	C327.148315,354.698883 326.870575,366.706329 327.101685,378.701569 
	C327.168121,382.149841 326.163147,384.638306 323.662903,386.980957 
	C320.282013,390.148621 317.255402,393.694427 313.495911,397.696381 
	C309.221558,384.901825 305.144592,372.730652 301.092346,360.551239 
	C299.621704,356.131165 298.001587,351.745361 296.837128,347.243713 
	C295.896881,343.608734 293.979828,341.877380 290.250732,340.963257 
	C275.238403,337.283234 260.317047,333.232300 244.733597,329.153900 
	C249.116241,323.831543 253.279907,318.556763 257.754730,313.560638 
	C258.481628,312.749054 260.586945,313.046387 262.055450,313.044312 
	C275.387604,313.025574 288.720062,313.094879 302.051697,313.013092 
	C303.574829,313.003784 305.686035,312.724701 306.524017,311.728821 
	C317.446411,298.748199 328.188110,285.615479 339.731506,271.603058 
	C313.833557,265.784729 288.716492,260.141815 263.264069,253.830338 
	C262.951721,242.772049 262.974701,232.382370 262.997681,221.992676 
	C268.432953,221.467865 273.868195,220.943054 279.616333,220.388031 
	C279.616333,201.225845 279.616333,182.133270 279.616333,162.566895 
	C258.933533,162.566895 238.184662,162.566895 216.613998,162.566895 
	C217.651016,161.167175 218.158142,160.271469 218.858505,159.568176 
	C238.486176,139.858276 258.122894,120.157303 277.808533,100.505417 
	C278.789551,99.526108 280.219116,98.368866 281.447998,98.359421 
	C299.408966,98.221191 317.371368,98.264435 335.821198,98.264435 
	C335.821198,137.212326 335.821198,175.646881 335.872864,214.852036 
	C336.281555,215.738846 336.638580,215.855057 336.995605,215.971268 
z"/>
<path fill="#FCFCFC" opacity="1.000000" stroke="none" 
	d="
M511.789307,234.054138 
	C511.803680,286.998291 512.945129,339.972717 511.523682,392.878296 
	C510.024445,448.678406 484.305817,491.409088 435.532196,519.343079 
	C418.004333,529.381714 398.740723,534.642334 377.863037,536.763855 
	C356.168213,536.913879 335.244812,536.977417 314.321503,537.061768 
	C298.552551,537.125366 282.783752,537.215759 267.014862,537.294189 
	C266.251740,537.217224 265.488647,537.140137 263.897339,537.077759 
	C214.708527,537.073792 166.347916,537.055237 117.987289,537.036621 
	C118.819740,535.843567 119.493088,534.490723 120.507500,533.480469 
	C168.873535,485.312195 217.267654,437.172211 265.666931,389.037384 
	C267.467590,387.246613 269.351593,385.539703 271.668152,384.156525 
	C255.263123,412.042633 241.733505,440.884857 236.519730,473.771240 
	C236.014664,476.420532 235.697403,478.373871 235.266632,480.701508 
	C230.716110,488.394379 223.897354,488.661255 216.420273,487.802795 
	C214.601807,487.593994 211.483154,488.733948 210.837250,490.124573 
	C208.747253,494.624268 207.529495,499.529053 205.739410,505.000000 
	C208.822235,505.000000 210.791840,505.000000 212.761444,505.000031 
	C259.573639,505.000427 306.385986,505.053345 353.197968,504.955902 
	C362.318634,504.936859 371.475891,504.743774 380.549805,503.908813 
	C396.535553,502.437775 411.749237,497.742401 425.399689,489.361725 
	C441.147247,479.693573 453.955139,466.689026 462.670746,450.277100 
	C466.568848,442.936768 468.937134,434.784027 472.331268,426.815247 
	C473.774231,422.385651 475.292755,418.199188 475.911560,413.883728 
	C477.174194,405.078430 478.424866,396.221832 478.766449,387.351166 
	C478.999725,381.293945 477.685486,375.177155 477.046631,368.925415 
	C475.316895,369.258392 474.796143,369.250519 474.379944,369.455231 
	C469.305695,371.951141 468.570374,371.467529 468.728485,366.106934 
	C468.765503,364.851654 467.980286,363.572052 467.623260,362.459259 
	C465.624481,363.531219 464.238373,364.274567 462.874908,364.575867 
	C463.138550,362.000916 463.248108,359.843353 463.643250,357.739441 
	C465.381653,348.483704 467.202484,339.243439 469.015442,329.745239 
	C469.034943,329.323975 469.032440,329.155121 469.039551,328.661591 
	C469.050842,327.904297 469.052521,327.471710 469.335083,326.786133 
	C471.755188,318.599518 473.692688,310.604706 476.073639,302.744232 
	C481.984314,283.230927 490.405548,264.816925 501.355896,247.623642 
	C504.408997,242.829971 508.288757,238.562836 511.789307,234.054138 
z"/>
<path fill="#FDFDFD" opacity="1.000000" stroke="none" 
	d="
M180.348846,384.022705 
	C180.476685,376.210632 180.707047,368.398651 180.714371,360.586456 
	C180.744049,328.928833 180.731232,297.271027 180.614761,265.613708 
	C180.608932,264.025970 179.486221,262.442383 178.063736,260.893860 
	C157.833405,261.012268 138.422882,261.093628 119.012352,261.175018 
	C119.293365,260.298981 119.314537,259.163177 119.893005,258.584503 
	C139.536316,238.934586 159.191467,219.295807 179.008713,199.822098 
	C180.404968,198.450027 183.053650,198.352478 185.870728,197.666824 
	C202.740738,197.625717 218.859955,197.580078 234.979187,197.534424 
	C235.145386,197.620453 235.311584,197.706451 235.816193,198.114517 
	C236.319122,198.716614 236.553635,198.913208 236.858109,199.026352 
	C236.871185,206.753937 236.884247,214.481522 236.881653,223.145599 
	C236.948074,232.452820 237.030167,240.823547 237.112259,249.194260 
	C237.059372,289.187195 237.029861,329.180206 236.883286,369.172821 
	C236.876068,371.136475 236.459259,373.714661 235.199387,374.965088 
	C217.153107,392.875488 198.928940,410.606659 180.749405,428.379181 
	C180.749405,423.989807 180.749405,418.938324 180.732361,412.985229 
	C180.637817,408.396088 180.560318,404.708557 180.482819,401.021057 
	C180.567139,400.560822 180.651459,400.100616 180.716232,398.858154 
	C180.580734,393.391510 180.464783,388.707123 180.348846,384.022705 
z"/>
<path fill="#F4F4F6" opacity="1.000000" stroke="none" 
	d="
M471.999695,427.000000 
	C468.937134,434.784027 466.568848,442.936768 462.670746,450.277100 
	C453.955139,466.689026 441.147247,479.693573 425.399689,489.361725 
	C411.749237,497.742401 396.535553,502.437775 380.549805,503.908813 
	C371.475891,504.743774 362.318634,504.936859 353.197968,504.955902 
	C306.385986,505.053345 259.573639,505.000427 212.761444,505.000031 
	C210.791840,505.000000 208.822235,505.000000 205.739410,505.000000 
	C207.529495,499.529053 208.747253,494.624268 210.837250,490.124573 
	C211.483154,488.733948 214.601807,487.593994 216.420273,487.802795 
	C223.897354,488.661255 230.716110,488.394379 235.648300,480.945587 
	C280.010223,480.821930 323.877136,480.882935 367.743500,480.757019 
	C372.502594,480.743378 377.258575,479.649017 382.016022,479.055939 
	C405.830353,475.039703 424.523926,462.957275 438.886627,443.360413 
	C440.590332,442.621948 441.974152,441.962799 442.968536,440.929047 
	C446.054077,437.721222 448.569916,432.415466 452.110840,431.651886 
	C455.351013,430.953125 457.948853,430.269043 460.588013,428.320129 
	C463.315491,426.306030 466.419769,424.802277 469.525238,422.977692 
	C470.493927,424.552307 471.246796,425.776154 471.999695,427.000000 
z"/>
<path fill="#CDCCCE" opacity="1.000000" stroke="none" 
	d="
M511.869629,233.588150 
	C508.288757,238.562836 504.408997,242.829971 501.355896,247.623642 
	C490.405548,264.816925 481.984314,283.230927 476.073639,302.744232 
	C473.692688,310.604706 471.755188,318.599518 469.082886,326.596680 
	C467.303131,321.336761 466.056396,316.013367 464.809662,310.689972 
	C465.172577,310.830688 465.535492,310.971375 465.898438,311.112091 
	C466.630493,308.361053 467.362549,305.610016 467.906647,303.565308 
	C464.465515,300.069733 458.562195,299.675995 460.499207,293.265106 
	C460.611328,292.894043 458.254486,291.777008 457.031097,290.553192 
	C456.667145,286.729004 456.318756,283.358765 455.970337,279.988525 
	C455.896484,279.545380 455.822632,279.102203 456.167603,278.049927 
	C456.696198,272.080902 456.805939,266.720947 456.915710,261.361023 
	C475.224701,243.414383 493.533691,225.467712 511.949921,207.415924 
	C511.949921,215.706467 511.949921,224.414307 511.869629,233.588150 
z"/>
<path fill="#F8F8F8" opacity="1.000000" stroke="none" 
	d="
M472.331268,426.815247 
	C471.246796,425.776154 470.493927,424.552307 469.525238,422.977692 
	C466.419769,424.802277 463.315491,426.306030 460.588013,428.320129 
	C457.948853,430.269043 455.351013,430.953125 452.110840,431.651886 
	C448.569916,432.415466 446.054077,437.721222 442.968536,440.929047 
	C441.974152,441.962799 440.590332,442.621948 439.168213,443.173889 
	C443.511200,432.810638 448.070679,422.726013 453.178467,412.312500 
	C455.675598,410.414001 455.857330,407.331818 454.138733,404.996094 
	C454.631256,400.290985 455.123779,395.585876 456.026337,390.302216 
	C456.942535,388.454163 457.448730,387.184662 457.959106,385.498810 
	C459.592987,378.394287 461.222656,371.706116 462.852295,365.017944 
	C464.238373,364.274567 465.624481,363.531219 467.623260,362.459259 
	C467.980286,363.572052 468.765503,364.851654 468.728485,366.106934 
	C468.570374,371.467529 469.305695,371.951141 474.379944,369.455231 
	C474.796143,369.250519 475.316895,369.258392 477.046631,368.925415 
	C477.685486,375.177155 478.999725,381.293945 478.766449,387.351166 
	C478.424866,396.221832 477.174194,405.078430 475.911560,413.883728 
	C475.292755,418.199188 473.774231,422.385651 472.331268,426.815247 
z"/>
<path fill="#CDCCCE" opacity="1.000000" stroke="none" 
	d="
M237.506409,249.184082 
	C237.030167,240.823547 236.948074,232.452820 236.892334,223.624725 
	C245.305405,222.730560 253.692123,222.293777 262.538269,221.924835 
	C262.974701,232.382370 262.951721,242.772049 262.934204,253.637802 
	C254.593292,252.467209 246.246902,250.820557 237.506409,249.184082 
z"/>
<path fill="#D1D1D2" opacity="1.000000" stroke="none" 
	d="
M462.874939,364.575867 
	C461.222656,371.706116 459.592987,378.394287 457.752869,385.541138 
	C457.277618,386.111298 457.001892,386.157166 456.715240,386.137390 
	C456.409973,385.700470 456.104706,385.263580 456.147186,384.209442 
	C456.341095,382.733490 456.187225,381.874817 456.033325,381.016113 
	C455.932037,361.987122 455.830719,342.958130 456.152008,323.188049 
	C456.719330,316.331360 456.988037,310.215057 456.951935,304.100555 
	C456.935913,301.392792 456.303162,298.688690 455.950409,295.982910 
	C455.875183,294.593506 455.799988,293.204071 456.113464,291.419250 
	C456.683624,291.018250 456.865143,291.012695 457.046631,291.007141 
	C458.254486,291.777008 460.611328,292.894043 460.499207,293.265106 
	C458.562195,299.675995 464.465515,300.069733 467.906647,303.565308 
	C467.362549,305.610016 466.630493,308.361053 465.898438,311.112091 
	C465.535492,310.971375 465.172577,310.830688 464.809662,310.689972 
	C466.056396,316.013367 467.303131,321.336761 468.802063,326.849640 
	C469.052521,327.471710 469.050842,327.904297 468.870117,328.749817 
	C468.623230,329.268494 468.474213,329.432587 468.501190,329.470093 
	C468.640503,329.663727 468.824829,329.825012 468.993469,329.997589 
	C467.202484,339.243439 465.381653,348.483704 463.643250,357.739441 
	C463.248108,359.843353 463.138550,362.000916 462.874939,364.575867 
z"/>
<path fill="#262628" opacity="1.000000" stroke="none" 
	d="
M381.722107,478.776306 
	C377.258575,479.649017 372.502594,480.743378 367.743500,480.757019 
	C323.877136,480.882935 280.010223,480.821930 235.761810,480.571259 
	C235.697403,478.373871 236.014664,476.420532 236.536713,474.197510 
	C237.359085,475.402588 237.976669,476.877380 238.893799,479.067474 
	C240.277252,479.067474 242.054596,479.067474 243.831955,479.067505 
	C285.105530,479.067596 326.379120,479.085510 367.652618,479.042694 
	C372.244629,479.037933 376.836334,478.687012 381.722107,478.776306 
z"/>
<path fill="#050503" opacity="1.000000" stroke="none" 
	d="
M117.901833,537.360046 
	C166.347916,537.055237 214.708527,537.073792 263.527283,537.192993 
	C262.615234,537.862427 261.245941,538.925903 259.874725,538.928467 
	C213.500107,539.014221 167.125275,539.007141 120.750595,538.943726 
	C119.771942,538.942383 118.794418,538.121765 117.901833,537.360046 
z"/>
<path fill="#050503" opacity="1.000000" stroke="none" 
	d="
M267.144470,537.661255 
	C282.783752,537.215759 298.552551,537.125366 314.321503,537.061768 
	C335.244812,536.977417 356.168213,536.913879 377.547760,536.925537 
	C376.691833,537.673279 375.381500,538.912292 374.067352,538.916321 
	C339.514160,539.021790 304.960602,539.007996 270.407166,538.958313 
	C269.362366,538.956787 268.318451,538.351868 267.144470,537.661255 
z"/>
<path fill="#020202" opacity="1.000000" stroke="none" 
	d="
M119.125999,261.554138 
	C138.422882,261.093628 157.833405,261.012268 177.660187,261.012329 
	C176.896301,261.725525 175.719833,262.899597 174.535477,262.907562 
	C156.962646,263.026062 139.388733,263.004944 121.815300,262.945679 
	C120.955620,262.942780 120.098145,262.285706 119.125999,261.554138 
z"/>
<path fill="#010202" opacity="1.000000" stroke="none" 
	d="
M234.828186,197.185242 
	C218.859955,197.580078 202.740738,197.625717 186.227570,197.528885 
	C186.987488,196.925522 188.138840,196.070969 189.295578,196.063583 
	C203.689224,195.971924 218.083710,195.991135 232.477768,196.038605 
	C233.211792,196.041016 233.944092,196.558441 234.828186,197.185242 
z"/>
<path fill="#020202" opacity="1.000000" stroke="none" 
	d="
M180.021790,384.195862 
	C180.464783,388.707123 180.580734,393.391510 180.580505,398.527893 
	C180.207779,394.109558 179.951248,389.239258 180.021790,384.195862 
z"/>
<path fill="#E9E9E9" opacity="1.000000" stroke="none" 
	d="
M455.865112,296.446075 
	C456.303162,298.688690 456.935913,301.392792 456.951935,304.100555 
	C456.988037,310.215057 456.719330,316.331360 456.265198,322.732239 
	C455.897125,314.314789 455.838470,305.612000 455.865112,296.446075 
z"/>
<path fill="#020202" opacity="1.000000" stroke="none" 
	d="
M180.143951,401.174866 
	C180.560318,404.708557 180.637817,408.396088 180.608185,412.532135 
	C180.269043,409.096680 180.037048,405.212677 180.143951,401.174866 
z"/>
<path fill="#F3F3F3" opacity="1.000000" stroke="none" 
	d="
M454.040466,405.375977 
	C455.857330,407.331818 455.675598,410.414001 453.373535,411.992126 
	C453.327606,409.919037 453.634888,407.837463 454.040466,405.375977 
z"/>
<path fill="#E9E9E9" opacity="1.000000" stroke="none" 
	d="
M456.535156,261.652344 
	C456.805939,266.720947 456.696198,272.080902 456.278809,277.726929 
	C456.032288,272.656555 456.093445,267.300140 456.535156,261.652344 
z"/>
<path fill="#E9E9E9" opacity="1.000000" stroke="none" 
	d="
M457.031097,290.553192 
	C456.865143,291.012695 456.683624,291.018250 456.229919,291.015533 
	C455.909454,287.636658 455.861237,284.266052 455.891663,280.441986 
	C456.318756,283.358765 456.667145,286.729004 457.031097,290.553192 
z"/>
<path fill="#F3F3F3" opacity="1.000000" stroke="none" 
	d="
M456.548401,386.442871 
	C457.001892,386.157166 457.277618,386.111298 457.748657,385.957520 
	C457.448730,387.184662 456.942535,388.454163 456.187286,389.869232 
	C456.085999,388.925995 456.233765,387.837158 456.548401,386.442871 
z"/>
<path fill="#F3F3F3" opacity="1.000000" stroke="none" 
	d="
M455.944824,381.252502 
	C456.187225,381.874817 456.341095,382.733490 456.269287,383.784546 
	C455.981171,383.147552 455.918732,382.318207 455.944824,381.252502 
z"/>
<path fill="#020202" opacity="1.000000" stroke="none" 
	d="
M179.452240,418.447144 
	C179.505737,418.411194 179.398743,418.483093 179.452240,418.447144 
z"/>
<path fill="#010202" opacity="1.000000" stroke="none" 
	d="
M336.889923,215.757019 
	C336.638580,215.855057 336.281555,215.738846 335.968414,215.312256 
	C336.329010,215.097427 336.586304,215.277710 336.889923,215.757019 
z"/>
<path fill="#CDCCCE" opacity="1.000000" stroke="none" 
	d="
M236.936035,198.721344 
	C236.553635,198.913208 236.319122,198.716614 236.077774,198.216370 
	C236.338623,198.136215 236.676285,198.276276 236.936035,198.721344 
z"/>
<path fill="#CDCCCE" opacity="1.000000" stroke="none" 
	d="
M469.015442,329.745239 
	C468.824829,329.825012 468.640503,329.663727 468.501190,329.470093 
	C468.474213,329.432587 468.623230,329.268494 468.860535,329.074524 
	C469.032440,329.155121 469.034943,329.323975 469.015442,329.745239 
z"/>
</svg>
